833 0.12 904 403 0.12
834 0.17 338 0 0.17
835 0.17 186 413 0.17
836 0.34 106 414 0.34
837 0.12 338 343 0.12
838 0.12 186 343 0.12
839 0.17 106 343 0.17
840 0.11 338 343 0.11
841 0.05 186 343 0.05
842 0.62 2 343 0.63
833 0.06 106 343 0.06
844 0.06 338 342 0.06
845 0.05 186 342 0.05 
846 0.17 186 341 0.17
846 0.17 186 343 0.17
847 0.43 361 341 0.43
847 0.43 361 343 0.43
848 0.58 106 416 0.58
848 0.58 106 417 0.58
848 0.33 140 416 0.33
848 0.33 140 417 0.33
848 0.46 182 416 0.46
848 0.46 182 417 0.46
848 0.19 1107 416 0.19
848 0.19 1107 417 0.19
849 0.18 140 415 0.18
850 0.23 17 418 0.23
850 0.06 404 418 0.06
850 1.03 454 418 1.03
850 0.81 665 418 0.81
850 0.12 694 418 0.12
851 0.16 225 419 0.16
851 0.02 454 419 0.02
851 0.02 486 419 0.02
851 0.02 665 419 0.02
851 0.06 696 419 0.06
852 0.84 225 420 0.84
853 0.13 106 421 0.13
853 0.12 630 421 0.12
854 0.3 17 422 0.17
854 0.05 29 422 0.05
854 0.05 29 424 0.05
854 0.17 197 422 0.17
854 0.17 197 424 0.17
854 .14 422 .14
854 .14 424 .14 
854 .04 322 422 .04
854 .04 322 424 .04
854 .04 665 422 .04
854 .04 665 424 .04
854 .15 1225 422 .15
854 .15 1225 424 .15
855 .21 225 425 .21
856 .18 372 427 .18
856 .12 1146 427 .12
856 .32 1147 427 .32
857 .07 307 429 .07
857 .07 438 429 .07
858 .07 323 429 .07
859 .11 1178 428 .11
860 .02 239 428 .02
860 .1 1309 428 .1
861 .05 719 428 .05
861 .03 1169 428 .03
862 .09 726 429 .09
863 .08 1109 428 .08
863 .03 1316 428 .03
864 .24 454 423 .24





