775 .09 320 298 .09
776 .03 29 398 .03
777 .19 176 404 .19
778 .26 934 384 .26
779 .07 320 390 .07
780 .08 934 389 .08
780 .08 934 390 .08
781 .03 934 385 .03
781 .03 934 386 .03
782 .14 317 384 .14
782 .14 317 389 .14
783 .24 775 384 .24
783 .24 755 387 .24
784 .03 167 387 .03
785 .02 1074 384 .02
786 .12 1074 384 .12
787 .13 701 384 .13
788 .02 543 381 .02 
778 .02 543 383 .02
778 .15 1166 381 .15
778 .15 1166 383 .15
789 .29 305 383 .29
790 .02 305 382 .02
791 .09 343 383 .09 
792 .04 543 629 .04
792 .14 543 383 .14
894 .08 778 629 .08
795 .23 870 429 .23
795 .23 870 430 .23
796 .28 169 629 .28
797 .12 915 627 .12
799 .45 77 622 .45
800 .22 1114 624 .22
801 .2 1007 627 .2
802 .11 1099 627 .11
803 .1 305 624 .1
804 .09 343 624 .09
805 .04 22 625 .04
806 .12 304 627 .12 
807 .28 522 627 .28
808 .24 22 626 .24
809 .09 1132 404 .09
810 .1 343 404 .1
811 .09 343 404 .09
812 .42 179 405 .42 
813 .1 305 404 .1
814 .12 137 398 .12
815 .1 70 398 .1
816 .31 1053 404 .31
817 .04 47 408 .04
818 .02 47 408 .02
819 .12 309 408 .12
820 .08 701 408 .08
821 .11 672 435 .11
822 .71 335 409 .71
823 .17 r 410 .17
824 .17 r 410 .17
825 .14 253 411 .14
826 .27 1072 411 .27
827 .31 1043 412 .31
828 .07 701 412 .07
829 .21 316 412 .21 
830 .19 1043 412 .19
831 .27 106 413 .27
832 .14 923 483 .14
833 .21 319 403 .21
833 .22 381 403 .22
