1088 0.21 305 642 0.21
1088 0.22 343 641 0.22
1088 0.22 343 642 0.22
1088 0.22 1022 642 0.22
1089 1.37 566 646 1.37
1089 1.37 556 647 1.37
1090 .04 433 644 0.04
1091 0.12 74 645 .12
1091 .07 564 645 .07
1091 .06 1016 645 .06
1092 1.75 2 654 1.75
1093 1.25 145 669 1.25
1093 1.12 949 669 1.12
1094 .46 2 654 .46 
1095 .14 145 676 .14
1095 .15 949 676 .15
1096 .12 78 679 .12
1097 .16 78 678 .16
1097 .16 145 678 .16
1098 .14 78 680 .14 
1099 .2 78 668 .2
1099 .11 145 668 .11
1099 .06 949 668 .06
1100 .37 78 667 .37
1100 .21 238 667 .21
1100 .17 262 667 .17
1100 .18 300 667 .18
1100 .03 584 667 .03 
1100 .36 743 667 .36
1100 .06 1185 667 .06
1101 .07 932 665 .07
1102 .07 119 665 .07
1102 .07 119 665 .07
1103 .15 262 666 .15
1104 .2 515 681 .2
1104 .12 804 681 .12
1104 .06 982 681 .06
1105 .07 427 682 .07
1105 .06 713 682 .06
1105 .06 805 682 .06
1106 .36 427 683 .36
1106 .56 713 683 .56
1106 .18 805 683 .18
1107 .63 290 684 .63
1107 .63 290 686 .63
1107 .13 1153 684 .13
1107 .13 1153 686 .13
1108 .29 78 684 .29
1108 .03 869 685 .03
1109 .01 804 685 .01
1109 .03 1319 685 .03
1110 .09 266 685 .09
1111 .07 730 685 .07
1112 .07 1202 685 .07
1113 .06 869 685 .06
1114 .1 730 685 .1
1115 .04 804 685 .04
1116 .23 542 685 .23
1117 .16 266 691 .16
1118 .1 141 692 .1
1118 .2 266 692 .2
1118 .27 795 492 .27
1119 .3 608 693 .3
1119 .24 772 692 .24
1120 .2 1 693 .2
1121 .04 141 690 .04
1121 .04 496 690 .04
1121 .54 1046 690 .54
 


