864 .24 454 431 .24
864 .61 463 423 .61
864 .61 463 431 .61
864 .23 665 423 .23
864 .23 665 431 .23
864 .04 1168 423 .04
864 .04 1168 431 .04
865 .27 487 440 .27
865 .08 1268 440 .08
866 .1 253 439 .1
866 .11 1285 439 .11
867 .12 640 439 .12
868 .11 562 439 .11
869 .27 487 440 .27
870 .19 1021 431 .19
871 .19 695 431 .19
872 .14 322 431 .14
872 .1 1158 431 .1
873 .17 712 431 .17
873 .16 773 431 .16
874 .06 106 418 .06
875 .15 1226 431 .15
876 .3 1065 432 .3
877 .3 874 432 .3
878 .07 563 436 .07
878 .12 1175 462 .12
879 .08 1268 436 .08 
880 .12 855 473 .12
880 .12 855 474 .12
881 .08 1184 436 .08
882 .16 543 436 .16
884 .12 388 436 .12
885 .02 281 394 .02
885 .06 538 294 .06
885 .04 1114 394 .04
886 .08 948 436 .08
887 .23 181 333 .23
887 .23 181 334 .23
888 .22 107 434 .22
889 .18 938 433 .18
889 .06 1201 433 .06
890 .07 563 431 .07
891 .3 672 435 .3
892 .4 881 407 .4
893 .76 949 407 .76
894 .11 52 406 .11
895 .28 381 406 .28
896 .27 381 403 .27
897 .18 755 502 .18
898 .18 267 501 .18
898 .18 267 503 .18
899 .06 191 503 .06
899 .06 191 506 .06
900 .06 323 500 .06
900 .06 323 501 .06
901 .59 323 500 .59
901 .59 323 501 .59
902 .04 320 500 .04
902 .04 320 508 .04
903 .04 249 500 .04
903 .04 249 508 .04
904 .09 191 500 .09
904 .09 191 501 .09
905 .06 191 501 .06
906 .11 176 501 .11
907 .08 191 501 .08
908 .1 248 501 .1


