1022 .22 921 516 .22
1023 .14 652 516 .14
1024 .59 23 512 .59
1025 .07 1286 514 .07
1026 .26 213 516 .25
1027 .27 336 514 .27
1028 .21 1286 514 .21
1029 1.13 381 513 1.13
1030 .75 2 602 .75 
1031 .04 1007 316 .04
1031 .06 1177 316 .06
1032 .12 214 614 .12
1031 .12 314 615 .12
1033 .06 169 614 .06
1034 .08 305 624 .08
1035 .07 169 614 .07
1036 .01 1017 614 .01
1036 .04 1318 614 .04
1037 .03 1017 614 .03
1037 .03 1017 616 .03
1028 .16 866 616 .16 
1039 .08 1017 617 .08
1039 .08 1017 618 .08
1040 .1 143 617 .1
1040 .1 343 618 .1
1041 .02 320 618 .02
1041 .05 1296 618 .05
1042 .16 343 618 .16
1043 .09 169 616 .09
1044 .05 1099 620 .05
1045 .05 1007 620 .05
1046 .04 314 619 .04
1047 .09 314 620 .09
1048 .25 1017 619 .25
1048 .25 1017 621 .25
1049 .27 957 619 .27
1049 .27 957 628 .27
1050 .22 169 621 .22
1051 .06 343 621 .06
1051 .06 343 628 .06
1052 .2 483 618 .2
1052 .2 483 619 .2
1053 .15 1017 619 .15
1054 .07 305 618 .07
1055 .15 315 617 .15
1056 .03 433 613 .03
1057 .13 1007 613 .13
1057 .1 1007 613 .1
1057 .07 482 413 .07
1059 .07 320 1613 .07
1060 .09 517 613 .09
1061 .14 305 613 .14
1062 .07 915 613 .07
1063 .12 305 610 .13
1064 .04 320 612 .04
1064 .12 343 612 .12
1065 .06 169 610 .06
1065 .06 305 610 .06
1066 .19 305 609 .19
1067 .07 169 608 .07 
1067 .1 305 608 .1 
1068 .09 305 607 .09
1068 .08 343 607 .08 
1069 .17 305 605 .17
1069 .31 343 605 .31
1070 .02 22 644 .02
1070 .25 305 644 .35
1070 .12 320 644 .12
